qz	intensity_normalized	e_intensity_normalized	intensity_fit
0.017981839786158325	1.0	0.1022776714202418	0.9999999999999994
0.018731106605525065	1.0175973545864545	0.10405224352182572	1.0
0.01947177568667875	1.020186634759377	0.10432370057036063	0.9999999999999997
0.020229753156045655	1.0278318714174939	0.10509095134774411	1.0
0.020943722287716286	1.0283303905907795	0.10514465865514207	1.0
0.02170413008303641	0.8292321211610346	0.08499558318450909	0.9999999999999999
0.02242678511902206	0.4504607269991788	0.04657503999453568	0.5955091317052918
0.023166145702097338	0.3279679430633016	0.03410467754889769	0.32378868701405
0.02390227035658957	0.2220961099701097	0.0232835693896237	0.22271039092927022
0.024632604464126746	0.17375701998306106	0.018329736195339383	0.1663167783132366
0.025365600923058045	0.13560674739279951	0.014400712904295634	0.12976041446974765
0.026113276906559946	0.11085139296179218	0.011843250608665461	0.10389521668615348
0.026842766506405526	0.09152956509203826	0.009843056007787742	0.08549201036003506
0.02758365864588574	0.07791205037162681	0.008433926445878509	0.07134671413885069
0.028318703843605637	0.06496242740330706	0.00707859272103408	0.06045158003321107
0.029021071416546404	0.062346644793584774	0.006402961059005893	0.05214924109020035
0.029056509446067816	0.05647134922470044	0.00619258854883957	0.05177463994522704
0.02979660574118181	0.0478962699256799	0.005287841041389298	0.04475390261036419
0.030539833765071512	0.04141362099359984	0.004606549584274421	0.03898809228330423
0.031142816471499444	0.03887532371201459	0.004020192010350912	0.03505118142780715
0.03128217014072781	0.03563274088411743	0.003998479368904745	0.03422122344003942
0.032015810395415754	0.03157881604957262	0.003563160292649097	0.030275365312600503
0.033209601804322364	0.026587868207520304	0.00276818933611172	0.025098365178171027
0.035340938452124486	0.01967778189586088	0.002062047511012537	0.01851036835622784
0.03744103707219339	0.015144695518749512	0.00159788552140513	0.014139246426430918
0.03953607569369817	0.011633047873021014	0.001235918025594869	0.011072481919964858
0.04164666248105707	0.009292553565344877	0.0009943541671934674	0.008831159580741363
0.043741222977794196	0.007460952222913974	0.000804336639882268	0.007174883858364414
0.0450449225807793	0.006955043082418501	0.0007124138704575108	0.00635108518919805
0.045844719947836045	0.006118895648339588	0.0006652513500821303	0.005908040345516023
0.04793118265989155	0.005014222813048029	0.0005492749870510021	0.004932474799223948
0.047960113669054324	0.005327431516117772	0.0005475882098211314	0.004920529907109866
0.050020014659540035	0.004273249134198466	0.00047180027755779953	0.004161144078705335
0.05088177522052997	0.004197896218763381	0.0004329377504027591	0.0038900522000924224
0.05380326424805184	0.0033000499733612325	0.00034168962766046836	0.003129369039228673
0.05672746816899431	0.0026563975749773943	0.0002761309361986386	0.0025542690972250276
0.05966107521173115	0.002194211473181915	0.00022895197274162536	0.002110000242728615
0.06258707129614793	0.0018106215987448075	0.00018970198433451894	0.0017628865632778967
0.06554480293203051	0.0015021276796312643	0.00015810763263557413	0.0014840705933733618
0.06846944534561925	0.0012767571655206598	0.0001349509489672479	0.001262041566891998
0.06908272528070555	0.0012810077537030676	0.00013033788090864197	0.001221011461182505
0.07139847294768357	0.0010876257608598932	0.00011548522795544794	0.0010806254988341786
0.07433080696362551	0.000925030441160713	9.872512434751162e-05	0.0009309133508014466
0.07723661820181378	0.0007924153815774008	8.501416124830503e-05	0.0008073716294041539
0.07919500573379885	0.0007480118400143665	7.649323787815255e-05	0.0007354799736779203
0.08015627651819038	0.0006776705324058446	7.310602482703755e-05	0.0007030832376387482
0.0830785733548575	0.0005973972430330091	6.48097359667935e-05	0.0006147595438916889
0.0892608703665816	0.0004667740751912557	4.8020891158864073e-05	0.0004681546101671819
0.0994065620168689	0.00029973758122428887	3.1055280357221223e-05	0.0003071117701197662
0.10952117469873739	0.00019805088890241277	2.068236074919787e-05	0.00020585595273786182
0.11961129118125224	0.0001323430380557089	1.3963043452600118e-05	0.00013955509997181978
0.12968922852229037	8.914251956737015e-05	9.517853309579735e-06	9.490288284728915e-05
0.13982151453751498	5.849689228935554e-05	6.3424894883753455e-06	6.415179608380308e-05
0.14992443558916918	4.068131807694591e-05	4.4853202496360634e-06	4.298269815214339e-05
0.1502061454860867	4.264111819863709e-05	4.3908646174406905e-06	4.2496852191681034e-05
0.16001335158585478	2.6339280695673966e-05	2.9708757565745475e-06	2.8356114310908267e-05
0.16019898203905522	2.8135594399379066e-05	2.91642410121437e-06	2.8134552447121488e-05
0.17015576429224102	1.6832747982573744e-05	1.9560266750278105e-06	1.8243186471655636e-05
0.17024198383799824	1.8142368870356914e-05	1.8981893510612868e-06	1.8172735645688146e-05
0.18023220764676656	1.1523893610844402e-05	1.220509852121719e-06	1.1416913986668014e-05
0.18023332613504991	1.0177817973191706e-05	1.2401563475358618e-06	1.1416296971774544e-05
0.19025784221125308	6.946321200542978e-06	7.4909397039285e-07	6.884007777936667e-06
0.20026956684832314	4.126271049039675e-06	4.5696243723343856e-07	3.9484312715333705e-06
0.21028432421806884	2.195485385090992e-06	2.52726635274999e-07	2.126959249857797e-06
0.22030430735591422	1.1460763509405133e-06	1.4076287208333e-07	1.073069715079916e-06
0.2303165349499354	5.527177748782779e-07	7.627282545034492e-08	5.342511880496809e-07
0.23033826430920545	5.17132238019523e-07	5.554520694486272e-08	5.33496737710164e-07
0.24032474326959166	3.132486887771859e-07	4.93548634990747e-08	3.254603984585054e-07
0.24032488278582073	3.205377007681671e-07	3.538217272553685e-08	3.254591229510251e-07
0.2503342696817111	3.1907178894864946e-07	4.960243588341539e-08	3.1458624103458497e-07
0.2503463243168842	3.260428399099786e-07	3.5952806798387166e-08	3.146519310679822e-07
0.2603647078931435	4.2374403173485695e-07	4.5978574556702804e-08	4.093030068686539e-07
0.27039441729768676	5.550859466800177e-07	5.942093821134185e-08	5.46403464031977e-07
0.280392425785229	7.018273927306421e-07	7.439253090075698e-08	6.844874492951364e-07
0.29041357596561396	8.13077702378851e-07	8.572830503430145e-08	7.99952400983679e-07
0.3004184711403417	8.880008052584676e-07	9.336292304417196e-08	8.79915935701973e-07
0.3104394553575829	8.988078636247282e-07	9.448550596075717e-08	9.205658349859979e-07
0.3204680520429858	9.026145489309763e-07	9.485253207528276e-08	9.232426054233555e-07
0.3304623820616667	8.678706877246849e-07	9.130600081223399e-08	8.93017135921239e-07
0.3404940237179601	7.996069230648748e-07	8.434094328531424e-08	8.364264532731588e-07
0.35049843767366634	7.263455785444701e-07	7.688003305507638e-08	7.611697624213009e-07
0.36052587835390126	6.462095196488737e-07	6.869874462340719e-08	6.740769821814056e-07
0.3705245323290544	5.507972408671675e-07	5.89713547709123e-08	5.820334874580624e-07
0.3805544429448645	4.7017104789137546e-07	5.073688766055767e-08	4.898811772114606e-07
0.3905684773120528	3.802538585169711e-07	4.159145593518168e-08	4.0225438196082563e-07
0.40058918388147097	3.0644748838587284e-07	3.407087500479561e-08	3.2196049179252975e-07
0.41060359260843693	2.4555169715699876e-07	2.7881093613345024e-08	2.5100472106522877e-07
0.4206136031361056	1.759537627241764e-07	2.0777243747281384e-08	1.902971223450928e-07
0.43063182702290353	1.4009290885873208e-07	1.708435264892339e-08	1.399200666585223e-07
0.44062933377014646	9.559869582329378e-08	1.2453694772229857e-08	9.955272195067843e-08
0.45065825150933114	6.72082912371129e-08	9.457684542908733e-09	6.812788593824346e-08
0.46066463904585897	4.794089650957994e-08	7.425992631628974e-09	4.469379872638185e-08
0.47069100975723166	3.1359224944796095e-08	5.693975865396866e-09	2.788617072767892e-08
0.4807049639886216	1.7384880057606957e-08	4.256446271820992e-09	1.6491193625481505e-08
0.49071375463629374	1.1695726356075015e-08	3.6386273788136987e-09	9.278802503277883e-09
0.5007316256401254	4.828525228844314e-09	2.874003533286018e-09	5.155067006334299e-09
0.5207688451190655	2.125398815160485e-09	1.614514362745428e-09	2.6415799738150434e-09
0.5407944125895318	4.893997019889929e-09	1.8382220588324327e-09	3.5201951479383504e-09
0.5608013839844164	4.328838448250238e-09	1.7595031282004597e-09	4.79006727482039e-09
0.5808500139855857	4.7861883537016195e-09	1.80182071448647e-09	5.261392306485198e-09
0.6008673492744919	5.796358567673703e-09	1.8990328613860306e-09	4.814379519391782e-09
0.6309341399298353	3.4947617621911762e-09	8.84241082093472e-10	3.218154266196704e-09
0.6734838064769844	9.53161331086623e-10	6.257806915669934e-10	1.1923562560402365e-09
0.716051068787349	5.003970280334322e-10	5.767848521145582e-10	4.540385470699743e-10
0.7586003830896615	5.367194292025086e-10	5.825909333300737e-10	4.3759101060346965e-10
0.8011773275892263	1.1720808969132664e-09	6.488564150132508e-10	4.909146093592442e-10
0.8512501605461658	5.281665349904315e-10	4.915654145352242e-10	4.1787218953567624e-10
0.901306840667007	2.6889269383921383e-10	4.562044149918636e-10	2.901613657450138e-10
0.9513927461175742	4.178953087523244e-12	4.297458453500163e-10	1.8537526182980082e-10
1.0014694877048496	5.328188405843675e-10	4.925481029260185e-10	1.1269950324842837e-10
