qz	intensity_normalized	e_intensity_normalized
0.017996093110637313	1.0	0.1022910458012816
0.018733773615176242	1.0227194229604115	0.10457440645992871
0.019467945144204038	1.0215249876586725	0.10445078806137137
0.020203380954672535	1.0307398805994108	0.1053824353239926
0.02093741049110188	1.01826763812706	0.10412974094870332
0.02167681512614814	0.7946782309207264	0.081500530816848
0.022402715627957592	0.46494459542241784	0.04804778079198979
0.023157121360337242	0.3073767937178732	0.03200197507758916
0.023902599823621428	0.23064628844188773	0.024161314939810646
0.024641204669225626	0.17786093678440046	0.018750618682812505
0.025369245641391355	0.14027873921410586	0.01488630176969321
0.026099023969242453	0.11697170172689077	0.012478839122948901
0.02683290473394386	0.09210594334003928	0.009905021976834245
0.027584772849470692	0.07844236482730078	0.008485181015073817
0.02832253420992582	0.06758008297890218	0.007350515052785448
0.029020700033914198	0.05916233490857521	0.006079058404898372
0.029060760332204214	0.0559028197344639	0.006127798510345878
0.029805436995202297	0.04943193808011363	0.005445099095659022
0.030547960426230057	0.04330376828593834	0.0048033470968233015
0.031125760289658095	0.038762558093321575	0.0040079108108495055
0.03128553440289414	0.036649230424762765	0.00410325322384367
0.03201809872171255	0.03186578199626896	0.003595478998708589
0.03319276950666532	0.02694063909770443	0.002803968092553901
0.03533948371093127	0.01970710004297052	0.002064919875623084
0.03744028694571749	0.015166739988975397	0.0015994310696074688
0.039545508720138775	0.011789515669124805	0.0012517082366718655
0.04166035360518784	0.009433551317425348	0.001008674496725832
0.043729782627575854	0.007379863231804101	0.0007958713965869124
0.04505090829666365	0.0070586787740883105	0.0007229256109510802
0.045840898154007374	0.006088182299828791	0.0006613264439589307
0.04794216882756179	0.005055205387742834	0.0005534753475579144
0.04796637560658934	0.005321476705438695	0.0005468989908279045
0.05004123241321403	0.0043096051217274165	0.00047560572066234814
0.05088013448569458	0.0042017559636494135	0.0004332950568245576
0.05381026776193388	0.003307611103712577	0.00034240825487331304
0.056746067405433004	0.0026803613013350533	0.0002785026841888066
0.05967873825708344	0.0021957450183608404	0.00022904034018739663
0.06261207113486485	0.0018030499511663383	0.00018886119883852455
0.06554695950813569	0.0015305553430318946	0.00016097888730554744
0.06847192264983948	0.0012788696802535503	0.00013514973625457805
0.06907556885497214	0.0012944776748169142	0.00013165904680105002
0.07140453869944267	0.0010775410908375465	0.00011441830239181076
0.07432534712516674	0.0009178062998327005	9.792458448048024e-05
0.07724686242283271	0.0008036175852420344	8.609491017111897e-05
0.07918206484267978	0.0007540993333074257	7.709307985428082e-05
0.08016908775459526	0.000681494718302735	7.34623337037227e-05
0.08308376825961303	0.0005922247768914554	6.423870191381366e-05
0.08927552994603669	0.00046382969998010764	4.771083474064096e-05
0.09939329955209074	0.00029905935420469624	3.098366595443376e-05
0.10952575196814644	0.00019578323653889892	2.045281567499388e-05
0.11959440614209707	0.00013134589811281198	1.385650253387888e-05
0.1297052755057652	8.719741291765647e-05	9.307996120322554e-06
0.13981022123388884	5.878041359157734e-05	6.369380654753656e-06
0.14991291824301017	3.7755724119208904e-05	4.170981465865808e-06
0.15021811279753697	4.1658718163887476e-05	4.289722187172388e-06
0.16002994466702458	2.5496075116346995e-05	2.8784411281994305e-06
0.16020481447953416	2.6790085318659455e-05	2.7788715816565114e-06
0.17014807242024696	1.6789708344426247e-05	1.951486794861588e-06
0.17024645909819078	1.7475590965520997e-05	1.8294161009959608e-06
0.18022973330462744	1.0136879647336968e-05	1.230106758692272e-06
0.18023826177655228	1.0793662034073773e-05	1.1452298985286698e-06
0.19025265665830984	6.516295461855365e-06	7.042800004437442e-07
0.20026709332054018	3.719395980269755e-06	4.139413088958082e-07
0.21027761985649435	1.9595716342095107e-06	2.2788080020109003e-07
0.2203087347187269	1.0232139099005525e-06	1.2730985081606913e-07
0.23031015480809847	5.221963137278493e-07	7.259513964050927e-08
0.23034093532659394	5.042634533911942e-07	5.4237682114701685e-08
0.24030941703812286	3.3087716752237343e-07	5.08201574440966e-08
0.24033345349173577	3.4044090285984743e-07	3.743939920794172e-08
0.2503295280784506	3.5358947620875247e-07	5.315023114045355e-08
0.2503449297290018	3.475941033112214e-07	3.818430802477835e-08
0.2603620593113671	4.4583836234959126e-07	4.8232352816121166e-08
0.27038979403312363	5.75002493927096e-07	6.147238347726623e-08
0.2803923240058539	6.948615476928518e-07	7.370707627474654e-08
0.29040835995824194	7.898559425653697e-07	8.339892477639589e-08
0.30042483512084084	8.601352188488425e-07	9.054676803882843e-08
0.31044452943832745	8.673586059102156e-07	9.131417385021116e-08
0.320465724203192	8.620727899517885e-07	9.074315877803964e-08
0.3304619653189288	8.262643617798537e-07	8.708323373210767e-08
0.34049339679685303	7.687215910898194e-07	8.120805036809587e-08
0.35050062483080596	6.893515961400269e-07	7.311603322861335e-08
0.36052737156009546	6.086116354871028e-07	6.487160991091604e-08
0.3705296599565317	5.231087251486538e-07	5.613710288580606e-08
0.38055028806238994	4.312691870288986e-07	4.677572226637405e-08
0.39056477019461244	3.592307011128159e-07	3.9427429975412464e-08
0.40059150618595935	2.894685491478221e-07	3.233157388998697e-08
0.41059762369959546	2.2284301324819564e-07	2.5560313610925116e-08
0.42061799563067354	1.7555238858730195e-07	2.0726696208283228e-08
0.43062840297913846	1.2669320392614244e-07	1.5697468498646825e-08
0.4406305495183512	9.386084699033904e-08	1.2288218384719166e-08
0.45065841386721955	6.508160421822576e-08	9.260200852131016e-09
0.4606717523139712	4.224618749978739e-08	6.848256643340839e-09
0.4706822246878323	3.2207882836276835e-08	5.813176212378214e-09
0.48069813333473044	1.8115852616186258e-08	4.3589400112254574e-09
0.49071240161045904	1.217344863951584e-08	3.7203954257045737e-09
0.5007187829647672	6.03017237217249e-09	3.0108389891704807e-09
0.5207679035145274	3.847383431522906e-09	1.8133931421457992e-09
0.5407952330812178	5.4888745934973844e-09	1.9064136982401552e-09
0.5608039772101209	5.064074927025113e-09	1.8544776691695168e-09
0.5808527486576773	6.977060741852479e-09	2.0399012601629374e-09
0.6008700757731672	6.146531133239572e-09	1.947642028248513e-09
0.6309288600092883	5.29806182225583e-09	1.0694069625664973e-09
0.6734794904422158	2.841199807889306e-09	8.201340261511593e-10
0.7160548318386533	2.1674976070420353e-09	7.514574304108739e-10
0.7586012863463227	1.7428823178155348e-09	7.099811529442843e-10
0.8011762451779737	2.434341293330937e-09	7.816179913040329e-10
0.8512513440455989	2.285418539198746e-09	6.714255310330362e-10
0.9013061067319983	1.9074873506526637e-09	6.253930267584924e-10
0.9513966746991291	1.6347183369140184e-09	5.999049215048676e-10
1.001472047820999	1.6428601302037294e-09	6.080803077677196e-10
