qz	intensity_normalized	e_intensity_normalized
0.017994035898186333	1.0	0.10250037456847726
0.018732087899647202	1.0235158169773333	0.10488239077714295
0.01946742996573902	0.981608436778454	0.10063488082585821
0.02020861332712139	1.0266876455245177	0.105195322549277
0.020947041146661374	1.0248410216611201	0.10501129086529101
0.021666862097818887	0.9837526995446103	0.10084050538298436
0.02242243590053305	0.6254839890515969	0.064521719905581
0.02315782227395132	0.43698527256941966	0.04534996476410155
0.02389082094660306	0.2999589780280964	0.03136264365694798
0.024622791730630977	0.21763586397215198	0.022927361433095
0.02537606900087531	0.17067011832257625	0.018098362039705877
0.026110518814546457	0.12441917379265698	0.013324839052970428
0.02684299412965788	0.11821324569225693	0.01267650264418467
0.027586087228337594	0.08743498261807083	0.009482164646667054
0.028327254801027907	0.07286443582026683	0.007961009437994625
0.029019252730016615	0.06425459175884653	0.006610501578344865
0.029061555895151622	0.06577613921403294	0.007215148483812137
0.029799829849880787	0.054905708536210476	0.006077721864236585
0.030531517752356883	0.046132703818805035	0.005145836118320399
0.031138705818777337	0.043038284310686785	0.00445541259588528
0.031275255940129844	0.04184950984388992	0.0046977984203693075
0.03202917640519286	0.03565086222692262	0.0040383902857488805
0.033206601460324954	0.02744597141987705	0.0028650653259794955
0.03532420093203572	0.020646910606009785	0.0021694520742419295
0.037429626205174274	0.015772462478291942	0.001669179214656855
0.03953662866509175	0.012303952683255116	0.0013113561169243767
0.04164521146542742	0.009601027832040138	0.0010316709423904317
0.04375413415807972	0.0076831376922221395	0.0008328932648971747
0.04505249950076359	0.007099642705210149	0.0007285715804821652
0.04586365822513906	0.00621659374858935	0.0006799366049863439
0.04793610463540298	0.004992224136757447	0.0005510278660906537
0.04797381235504503	0.0053847261630656385	0.0005545587950687912
0.05005100239752809	0.004089875917026672	0.0004556145117039839
0.05088635513046933	0.004091372212740723	0.0004232015251480657
0.05380190374458422	0.0032667491729971867	0.00033922174952412116
0.05674069203102658	0.0025561025904066535	0.00026676788723654574
0.05966705632567695	0.0020792806992806843	0.00021794661158849475
0.06260907837167907	0.0016907207038273679	0.00017814143384297935
0.06555480729632177	0.0013951557593099378	0.00014777420813729357
0.06848743246378633	0.0011526168655071971	0.00012276202913998074
0.06908314568122707	0.0011585831270699094	0.00011815171096245186
0.07140421826867868	0.0009720178428300323	0.00010410336330743275
0.07433841873416794	0.0008198416694383956	8.831719856463295e-05
0.07725042072413425	0.0006946345945669581	7.532510956486666e-05
0.07920785146016497	0.0006459052969864929	6.62835266485639e-05
0.0801876383766872	0.0005906957184341068	6.448188074926518e-05
0.08310647131269984	0.000503118515144668	5.539198954839589e-05
0.08927800690019316	0.00038989106445994016	4.0316088224978496e-05
0.0993975017785178	0.00024572993976318224	2.5639413540558195e-05
0.10952589201769374	0.0001624266649684996	1.7118342975613223e-05
0.11960633862182105	0.00011332449556907676	1.2071214500197786e-05
0.12969650817972286	7.867712890033804e-05	8.484135645084671e-06
0.13980177074898406	5.7546739155861675e-05	6.282829799439589e-06
0.14989850569561594	4.309657804430578e-05	4.769634221290934e-06
0.1502062955038457	4.498910314867367e-05	4.6413168061412835e-06
0.16003055819385417	3.1641106153033653e-05	3.559940398453025e-06
0.16020909710952438	3.381524008317374e-05	3.504118648268486e-06
0.17014984787839715	2.4082482353364855e-05	2.7616904802789266e-06
0.1702410901106013	2.600787076304786e-05	2.7099542575122714e-06
0.18022655990707087	1.8367901148921924e-05	2.1495578420986983e-06
0.1802305299142018	2.0048222413869916e-05	2.100907364493272e-06
0.19024125171815298	1.5727940993907507e-05	1.6589816675974653e-06
0.20024978307602337	1.2373037329758733e-05	1.3147925894313308e-06
0.21027528644123583	9.929604207893373e-06	1.0625054073862248e-06
0.2203046856259825	7.944293896369835e-06	8.571449708313137e-07
0.23031416223879686	6.403914542157724e-06	6.977763931289651e-07
0.2303434074726039	5.99335984858266e-06	6.103718236183308e-07
0.24031922283537588	5.2339504375547726e-06	5.758600818612473e-07
0.24033335362427727	4.921703697821771e-06	5.023014663111249e-07
0.25032445129632463	4.245445977713719e-06	4.7268418720337067e-07
0.2503477800808576	4.078974764952039e-06	4.1722714208174767e-07
0.2603672792489989	3.382832771961238e-06	3.4693391776394904e-07
0.270390769391522	2.8233393255867316e-06	2.9027529343651483e-07
0.2803909312816933	2.3733682584023693e-06	2.447508785549998e-07
0.29040600186493126	1.9917407448227586e-06	2.061869952434812e-07
0.3004229597908842	1.6827886693237035e-06	1.7482291437083778e-07
0.3104380290551531	1.4114684164558792e-06	1.473355235704365e-07
0.3204607905418652	1.2087676635967077e-06	1.2664072238863994e-07
0.330471169596073	1.0242779491489076e-06	1.0782354587115262e-07
0.34049211365010906	8.916997007519571e-07	9.429632795219416e-08
0.3505060433597752	7.507867290873164e-07	8.000027413037522e-08
0.3605213022249092	6.480280629013555e-07	6.94109875395211e-08
0.37052893562535166	5.531443830338779e-07	5.970880038601767e-08
0.38055375046460566	4.767239444095193e-07	5.190684082844174e-08
0.3905628325213855	4.070558385270044e-07	4.481469387771898e-08
0.40058904556959485	3.495404938666922e-07	3.8990619213577137e-08
0.4105995587265237	3.015490984090437e-07	3.4142121646368696e-08
0.4206102883015711	2.614052777324709e-07	3.009794442069166e-08
0.4306253665934044	2.277609749683469e-07	2.6631055162523805e-08
0.44063374703433267	1.9754815480846719e-07	2.3474211966676222e-08
0.4506533394830942	1.6834889705691033e-07	2.0415992343793385e-08
0.46067057992120203	1.4321286658812432e-07	1.7802959020375385e-08
0.47068220207006073	1.1902293541380256e-07	1.5331849738817377e-08
0.4807025110071309	1.060256258675225e-07	1.3972424531569476e-08
0.49071173539769536	9.288202612038746e-08	1.2595071571477712e-08
0.5007240768378063	8.20544835109464e-08	1.1411527953528867e-08
0.5207616188437472	5.9348501462511965e-08	7.783459503989454e-09
0.5407973755536106	4.4488820276228764e-08	6.1885885200165825e-09
0.5608068048836256	3.288521021701442e-08	4.967297222100562e-09
0.580855567421043	2.312776723217829e-08	3.958555778595105e-09
0.6008615518299031	1.7892830937291027e-08	3.400035703650315e-09
0.630931976159971	1.2072877500109589e-08	1.8572571555561753e-09
0.6734827298870754	7.128499167920382e-09	1.356723849949248e-09
0.7160485043528925	5.247556339301154e-09	1.163632852539516e-09
0.7585991680364096	3.404870650801054e-09	9.76077785162674e-10
0.8011731971953745	3.247259263046776e-09	9.62979767819133e-10
