//qz	intensity_normalized	e_intensity_normalized
0.01799839632977299	1.026696187203709	0.10448181334922842
0.018563753655353944	1.012467960614751	0.1030479772204141
0.019129015858827092	1.0048968545005723	0.1022839276189068
0.019686655020113488	1.0125949540969224	0.10306119297554658
0.02024868843272075	1.0172079862789407	0.10352526243910332
0.020814509787343474	1.0135559286737563	0.10316033202809083
0.021378879660880878	0.9985794294590562	0.10164584187253944
0.02194484005980972	0.9140006991722914	0.0931131440129845
0.022508087299960743	0.48828693170522	0.050081598042886706
0.02307180358510629	0.32957694332223486	0.033988259664908725
0.023634674593686508	0.24105449265897183	0.02498779465120117
0.024196472624051613	0.18833604512545513	0.019613058731382596
0.02476308171012882	0.15018766671356681	0.015716966685775983
0.025331383077247797	0.12958838661094	0.013604804010003468
0.02589186838273233	0.1036120600256412	0.010937578961139878
0.026017412969539973	0.09590597137309673	0.009754916416989445
0.02646348360731396	0.08785058879134074	0.009316013627021379
0.027022751415768053	0.07601503822057118	0.008097195422172779
0.02752278814186845	0.06699428168030763	0.006835861480927813
0.029039871049779155	0.04651200709816149	0.004764686181297591
0.030542540904139704	0.03432958159556281	0.0035305784986015346
0.03204529590493951	0.02589942338733484	0.0026749596713432754
0.03354342270064857	0.020099490940434624	0.002084709057980037
0.035041440939857296	0.01589180796507932	0.001655938732652208
0.03655381835206306	0.012988144670412809	0.0013591483573306353
0.03804532570715943	0.01054549093336263	0.0011087625889763374
0.03902350129951222	0.009285432594674516	0.0009433653275183074
0.03954828209518903	0.00866856755309768	0.0009162108028235213
0.041052636494428994	0.007301691078293691	0.0007753258222369323
0.04204715267743319	0.006724893225209847	0.0006849633999723685
0.0450425859490856	0.004791825422307732	0.0004897280456086719
0.048041031080739545	0.003542617797988765	0.0003633398248971374
0.05104346308357633	0.0027068154075600187	0.00027862089698794034
0.05405459541579084	0.0021075552603376075	0.00021774157605488026
0.0570598992398106	0.001653870350128823	0.00017157852639330192
0.06008105065310246	0.0013163487285168536	0.0001371665895480544
0.06310112069764462	0.001067721457547744	0.00011176697991280342
0.06609703372253459	0.0008831527989492135	9.28487424034711e-05
0.06707521647384468	0.000818758027217621	8.31802879828026e-05
0.06910391773933201	0.0007109728253687048	7.515259717674036e-05
0.07087022570163323	0.0006454422905373816	6.569539750268253e-05
0.07464931388406934	0.0005154955385496116	5.25799928121282e-05
0.07841961411941702	0.0004179456716989003	4.272451218848268e-05
0.08220632400423605	0.0003462969372565732	3.547625946876958e-05
0.08598293648271056	0.00028336810282347726	2.9102070250418506e-05
0.08978543679476433	0.00023757637829525832	2.4461337281741217e-05
0.09357577459017202	0.00019685640644165887	2.0326715847764713e-05
0.09736752816078056	0.00016737743609223133	1.7330217127295396e-05
0.10114700906313787	0.00014304245392733806	1.4853506701949455e-05
0.10493202780053049	0.000121442514849007	1.265131936376898e-05
0.10871579919879261	0.00010387327183492721	1.0858797399239801e-05
0.11249765583932045	9.022778990092387e-05	9.462356979277768e-06
0.11626914642725208	7.799716523850596e-05	8.210377837277952e-06
0.12002851275464116	6.739125833108075e-05	7.122418157711789e-06
0.12381461954097397	5.8359681631968095e-05	6.1907717988415845e-06
0.12519105361870686	5.6958188233283255e-05	5.800176152967655e-06
0.1275993680360827	5.207806781347993e-05	5.543405243292351e-06
0.13138157373011308	4.6391107823539604e-05	4.95610749456097e-06
0.13284046098629929	4.3774820806729474e-05	4.46906154131355e-06
0.13516689215902378	4.0487666979493846e-05	4.344670612761734e-06
0.14051119174237472	3.426599566862958e-05	3.5080185583134165e-06
0.14818985481963318	2.7142827847564475e-05	2.7875217497194143e-06
0.1558631166031415	2.1847428693362116e-05	2.2508456689546593e-06
0.16356780941185717	1.751178160780998e-05	1.810805074890259e-06
0.17124544780723588	1.4381293841600434e-05	1.4926361965772236e-06
0.17889969748651513	1.1699981838053347e-05	1.2196192527742236e-06
0.18658497914531305	9.66205643331743e-06	1.0117394032044897e-06
0.19426193268577285	7.978405890768838e-06	8.39492739112561e-07
0.20193811005906456	6.694908431731506e-06	7.087073623134932e-07
0.20960907056035397	5.562701197828062e-06	5.926446556193349e-07
0.2173086502489098	4.745905215302787e-06	5.083591353709312e-07
0.22032169027795334	4.409807097351174e-06	4.46137903513036e-07
0.2249745864331701	4.010348002836481e-06	4.3206325243078567e-07
0.23264529425347738	3.4232262239968477e-06	3.711273415216694e-07
0.24032362652278844	2.9217263347686984e-06	3.189572493762487e-07
0.24433152716079592	2.6850651506945843e-06	2.726420772162711e-07
0.26836588804179984	1.6991569186974507e-06	1.7332791219765863e-07
0.29240353501704097	1.1135482110683957e-06	1.1424954392697773e-07
0.3164391115947651	7.398791146740619e-07	7.648664122399114e-08
0.34048715541711266	5.00933490195134e-07	5.227035609508584e-08
0.35049550843047905	4.2816954983807436e-07	4.44181413677588e-08
0.38055062290507913	2.693343241634366e-07	2.8323443581380016e-08
0.4106009300170508	1.6927804923529478e-07	1.816336119560728e-08
0.44064276970842675	1.0983412271147904e-07	1.2154881501574579e-08
0.47068449258341793	6.949922541632891e-08	8.06363582779435e-09
0.5007322970877325	4.599295688890104e-08	5.65243779865945e-09
0.5307713805034138	2.986675575958477e-08	3.940609163776601e-09
0.5507823605580847	2.1850556727023664e-08	2.6269602556041464e-09
0.6008738946866685	1.0614887742956202e-08	1.4812761546347251e-09
0.6509452913209682	4.420130706827614e-09	8.48780918286819e-10
0.7010143786420033	2.483487233077436e-09	6.509382958089463e-10
0.7510814970014583	1.1234461281334661e-09	3.981226726322804e-10
0.8011625440732562	6.63325155844352e-10	3.520189235898149e-10
0.8512423989387812	4.046022915212876e-10	3.2793611794069436e-10
0.9012995275123488	3.0894730560110765e-10	3.2245626479893576e-10
0.9513916027410109	3.807772688078267e-10	3.345221016757486e-10
1.0014584358377439	5.210445647298565e-10	3.540223183281301e-10
